blad = 3.4219371797089426e-16
x[1] = 0.9999999999999997
x[2] = 1.0000000000000004
x[3] = 0.9999999999999997
x[4] = 1.0000000000000002
